0|41
507696  90  
137915  90  
22757  90  
120328  90  
123025  90  
131263  90  
147073  80  
175835  90  
180037  90  
192496  90  
194044  90  
205234  90  
207030  90  
208031  90  
277277  90  
295315  90  
325346  90  
392726  90  
459622  90  
461814  90  
497792  90  
507010  90  
531386  80  
578821  90  
600770  80  
608376  90  
113323  50  
127640  50  
592747  70  
26137  70  
94522  0  
193714  30  
452599  50  
522229  0  
9101  90  
112040  90  
450906  90  
453488  90  
464229  90  
393064  90  
438303  0  
1|229
1996  90  
2255  90  
10843  90  
18260  90  
18519  90  
19106  90  
21931  90  
22757  90  
23521  90  
25311  90  
34525  90  
34947  90  
39975  90  
40476  90  
41693  90  
46539  90  
46759  90  
47888  90  
55629  90  
55971  90  
56437  90  
56970  90  
67136  90  
70896  90  
71149  90  
74262  90  
75445  90  
75757  90  
79902  90  
85222  90  
95689  90  
97762  90  
102328  90  
105502  90  
111411  90  
112273  90  
112642  90  
113017  90  
119154  90  
120328  90  
121743  90  
123025  90  
123260  90  
123601  80  
124428  90  
129462  90  
131263  90  
131721  90  
134437  90  
136867  90  
137915  90  
140118  90  
142979  90  
146781  90  
147073  80  
153097  90  
153809  90  
156663  90  
158948  90  
161901  90  
173094  90  
173301  90  
175835  90  
176588  90  
179785  90  
180037  90  
180171  90  
181079  90  
182140  90  
185095  90  
185665  90  
186098  90  
188078  90  
189820  90  
190019  90  
191809  90  
192496  90  
194044  90  
195167  90  
196203  90  
196852  90  
197656  90  
199439  90  
199467  90  
200053  90  
205234  90  
205871  90  
207030  90  
210226  90  
213829  90  
219179  90  
219322  90  
222533  90  
224051  90  
225587  90  
227064  90  
230673  90  
234212  90  
235250  90  
235966  90  
237610  90  
238223  90  
248089  90  
248550  90  
248699  90  
249902  90  
254519  90  
255153  90  
257310  90  
259552  90  
261386  90  
263294  90  
269414  90  
270248  90  
275261  90  
280245  90  
283541  90  
288237  90  
288340  90  
288560  90  
294427  90  
295315  90  
297989  90  
304287  90  
310379  90  
318345  90  
318901  90  
322770  90  
323933  90  
324045  90  
325346  90  
325936  90  
327881  90  
344617  90  
349250  90  
349771  90  
354153  90  
359811  90  
361313  90  
363219  90  
366723  90  
371598  90  
375693  90  
381411  90  
383195  90  
387522  90  
390355  90  
392726  90  
393059  80  
397543  90  
397620  90  
398037  90  
402723  90  
408557  90  
410606  90  
417011  90  
418175  90  
423102  90  
425182  90  
428598  90  
431048  90  
436056  90  
440749  90  
440901  90  
442074  90  
445735  90  
451800  90  
453396  90  
454149  90  
454436  90  
457354  90  
457583  90  
459622  90  
460065  90  
463859  90  
466895  90  
470248  90  
477870  90  
481274  90  
482069  90  
488803  90  
489371  90  
490684  90  
490754  90  
491417  90  
491757  90  
492607  90  
493655  90  
497792  90  
502177  90  
503258  90  
504528  90  
507010  90  
507696  90  
514730  90  
516754  90  
517718  90  
521369  90  
528144  90  
532453  90  
532569  90  
534596  90  
539126  90  
540934  90  
541988  90  
543790  90  
546722  90  
546992  90  
548098  90  
550452  90  
553890  90  
556366  90  
556458  90  
558154  90  
566644  90  
567378  90  
567726  90  
568182  90  
569179  90  
569785  90  
574204  90  
577309  90  
578821  90  
580720  90  
583090  90  
583222  90  
587636  90  
591590  90  
601402  90  
2|101
238557  90  
115200  100  
176889  100  
329058  100  
456895  100  
475878  100  
5237  100  
12332  100  
29323  100  
57791  100  
99935  100  
258003  100  
377333  100  
510603  100  
533639  100  
188675  100  
268555  100  
488564  100  
48916  100  
180618  100  
316815  100  
333784  100  
507377  100  
532650  100  
27499  100  
43628  100  
78477  100  
92450  100  
182489  100  
242450  100  
296155  100  
364374  100  
387982  100  
428863  100  
16249  100  
66765  100  
210761  100  
217921  100  
319866  100  
342087  100  
402792  100  
525951  100  
528002  100  
557544  100  
602243  100  
367509  100  
17863  0  
21683  0  
57422  0  
61148  0  
85012  100  
92066  0  
103338  0  
119752  0  
120443  0  
121082  100  
142902  0  
145897  0  
155330  0  
155522  0  
187943  100  
211566  0  
224595  0  
235514  0  
246957  0  
247563  0  
257158  0  
303423  0  
315452  0  
344158  100  
349451  0  
378073  0  
406012  0  
419241  0  
419748  100  
445463  0  
484497  0  
509188  0  
517337  100  
523223  0  
525493  0  
528166  0  
538823  0  
556298  0  
563692  0  
599530  0  
600770  0  
4283  0  
13896  0  
106447  0  
144592  0  
181286  0  
181585  0  
190762  0  
283332  0  
320706  0  
336502  0  
370371  0  
382315  0  
386887  0  
427139  0  
3|14
5980  90  
11059  90  
21931  90  
74262  90  
146781  90  
173094  90  
175835  90  
180037  90  
194044  90  
267723  90  
290303  90  
366723  90  
432968  90  
451800  90  
4|580
23521  90  
40476  90  
46539  90  
117158  90  
182140  90  
263935  90  
270248  90  
320337  90  
593900  90  
617405  90  
617646  90  
355155  90  
534541  70  
48098  70  
159191  50  
283576  70  
87553  70  
56437  0  
392167  90  
604863  50  
114215  70  
411217  50  
353598  50  
182507  90  
233263  70  
280263  90  
409071  70  
457583  90  
517860  70  
582836  90  
97316  90  
618051  50  
139200  90  
284575  50  
588686  50  
294427  70  
400058  50  
296429  90  
353897  90  
258945  70  
486413  90  
526178  50  
534119  90  
567378  90  
425866  70  
484153  90  
452968  90  
572660  90  
541988  70  
277323  70  
486761  90  
2414  90  
40539  90  
606576  90  
406596  90  
311856  70  
269642  90  
126974  90  
321362  90  
510233  90  
473071  90  
24214  30  
5073  50  
299835  70  
606671  70  
239721  70  
279399  70  
304395  70  
434567  70  
277744  90  
434897  90  
44399  90  
179785  70  
459622  0  
513413  0  
311587  70  
621208  90  
294536  70  
127468  80  
327995  60  
185593  70  
520195  90  
565069  70  
304959  70  
354193  80  
490327  80  
289148  80  
164989  90  
296928  80  
115492  70  
498231  80  
550438  80  
12311  70  
336296  80  
160143  80  
412390  80  
107900  10  
282398  70  
219179  0  
83676  10  
386593  80  
600261  80  
578559  80  
67176  70  
257962  70  
54506  70  
204005  80  
427973  70  
487577  80  
60120  80  
21788  70  
445582  80  
464977  80  
624626  80  
357972  30  
433610  10  
213829  60  
585561  20  
291817  0  
280533  0  
498672  60  
60117  10  
443881  0  
9982  80  
74262  70  
478832  10  
1916  70  
594702  90  
253686  90  
65155  80  
550615  80  
262824  90  
173926  80  
469906  90  
55629  20  
161279  40  
197126  80  
94745  90  
324656  20  
252174  30  
226511  80  
404871  70  
142756  0  
149603  10  
422865  80  
162325  80  
428105  70  
523835  60  
531379  90  
76266  80  
276035  70  
411099  80  
574204  90  
407244  60  
241657  0  
62890  80  
365950  90  
231645  80  
34525  60  
366520  0  
579518  0  
358465  0  
114139  90  
492603  50  
410356  80  
436056  80  
395438  0  
478952  80  
1547  90  
461012  90  
548317  90  
615774  80  
315075  60  
407777  0  
215845  80  
96319  0  
416664  0  
496940  0  
532569  30  
46682  70  
346454  70  
497786  80  
583090  80  
46801  80  
438293  50  
529650  60  
434455  60  
50536  70  
25311  70  
306084  0  
530325  0  
1785  60  
140811  60  
169708  10  
433933  0  
283541  60  
24474  50  
324045  65  
458719  70  
343333  60  
141286  90  
210226  60  
548055  10  
462759  70  
248550  70  
243145  80  
214626  90  
596241  0  
18519  60  
280997  0  
522336  80  
350024  0  
250270  10  
148987  60  
186901  60  
382094  70  
494057  80  
354153  60  
414408  70  
192632  60  
227064  60  
580963  70  
201378  30  
41112  60  
532490  70  
88523  80  
281829  80  
115180  80  
242287  70  
397543  40  
363510  60  
612520  60  
8103  20  
478346  0  
397620  70  
281127  60  
267846  10  
112993  0  
249526  70  
569447  60  
41693  60  
44035  70  
592326  0  
71255  60  
85795  70  
287649  70  
491489  90  
111411  60  
166998  80  
97855  60  
275044  60  
180768  60  
563449  60  
520313  0  
359636  70  
158437  60  
220442  80  
86177  80  
174837  60  
567655  70  
127505  80  
230865  60  
273062  70  
310752  70  
532477  70  
536930  60  
566294  10  
307244  10  
303067  10  
95938  60  
369348  70  
161704  70  
168480  70  
531983  90  
424363  90  
521818  90  
529022  90  
194118  90  
350507  70  
308414  60  
493655  60  
149241  90  
253829  70  
600723  90  
239592  90  
613582  80  
341539  70  
602876  80  
624282  80  
294951  70  
505508  90  
442284  0  
313340  60  
556350  0  
576640  60  
569772  60  
617397  60  
490404  60  
273828  0  
456935  70  
553664  60  
165104  70  
614811  70  
553257  60  
485372  60  
522813  60  
182084  60  
256148  60  
341372  70  
365283  60  
178047  80  
432452  60  
191936  60  
312845  50  
320895  50  
442658  0  
384221  10  
475701  60  
369282  60  
352015  80  
541819  90  
10669  60  
144114  100  
280165  90  
455827  60  
19503  60  
53898  70  
549358  70  
374484  50  
206576  60  
206975  70  
288047  70  
616136  50  
196323  60  
111214  90  
583845  0  
33455  70  
100118  80  
170988  60  
22492  70  
413919  70  
206744  60  
469501  60  
101687  50  
136075  60  
73161  70  
91904  60  
484334  80  
179392  60  
470675  70  
228988  50  
141590  60  
577180  70  
48668  60  
173954  0  
284221  70  
289519  90  
177475  50  
316218  70  
56438  60  
158666  60  
541173  60  
132081  90  
21063  0  
32953  80  
290893  60  
364441  60  
135864  70  
256420  50  
322134  70  
424295  60  
98718  70  
28696  60  
250111  60  
373124  70  
414557  70  
282465  70  
177936  100  
58857  70  
136867  10  
303578  50  
71713  50  
128261  50  
261661  60  
392569  60  
602877  60  
608647  60  
614131  90  
403499  80  
551307  70  
150752  70  
121870  50  
11263  70  
220090  60  
82251  0  
211658  0  
491985  70  
64130  60  
245449  90  
222784  70  
170071  80  
179672  60  
201649  70  
306720  70  
344617  70  
511755  0  
523255  80  
539126  70  
620594  70  
195833  60  
206721  60  
517703  90  
28482  0  
59539  70  
133677  0  
209121  0  
248038  0  
333773  70  
361474  0  
402475  0  
436595  0  
442960  0  
502414  80  
561982  0  
599652  0  
623749  0  
40593  90  
189952  90  
274787  70  
287072  0  
292961  0  
439902  0  
592141  90  
133867  70  
404659  70  
617715  70  
581975  0  
566154  60  
164263  60  
569386  60  
539938  50  
356485  100  
541394  70  
97426  80  
126713  70  
124928  90  
548750  100  
609551  70  
433883  70  
59337  70  
25404  100  
586623  0  
624017  0  
242513  90  
473428  100  
447406  90  
229314  70  
306057  70  
351075  80  
591609  80  
558154  40  
569497  70  
414265  80  
396048  80  
503258  0  
435892  80  
126175  90  
7623  70  
53156  70  
565755  90  
622665  90  
483649  10  
29391  70  
365977  40  
83208  80  
149616  60  
611138  70  
287226  50  
551350  70  
36798  100  
288744  60  
339962  80  
437608  30  
529175  80  
544999  60  
71477  30  
520702  60  
85425  10  
137571  70  
17571  50  
360153  70  
210114  70  
302349  90  
21244  80  
523236  70  
492284  60  
571214  70  
544071  70  
58190  100  
532117  60  
608000  70  
301941  70  
513454  60  
533654  90  
227333  70  
121914  90  
49226  80  
386964  70  
135908  80  
124511  0  
467178  10  
521255  70  
64154  60  
415358  70  
488440  50  
159688  10  
225168  50  
838  60  
617683  90  
562248  70  
140753  10  
505275  70  
538851  70  
28621  10  
353629  60  
140501  70  
340949  60  
296497  50  
355727  50  
603153  90  
586428  70  
371598  50  
61568  70  
402563  60  
427765  80  
215524  80  
407212  90  
410183  50  
523227  70  
347410  40  
119327  70  
408629  100  
229311  80  
296188  60  
533829  80  
502352  90  
586109  70  
452300  70  
387396  90  
18641  80  
353376  70  
382070  90  
612797  80  
296938  60  
427410  80  
586837  90  
491124  80  
317875  70  
374802  80  
534444  80  
339526  90  
369623  80  
135170  80  
286002  80  
606573  90  
597811  90  
368797  80  
146909  80  
379038  90  
375832  80  
544464  70  
146397  90  
204362  70  
483540  60  
486392  30  
332630  60  
455400  70  
18361  10  
19805  70  
389944  80  
5|306
490754  50  
97205  50  
121743  90  
146781  90  
194044  90  
277277  90  
295315  90  
325346  90  
410606  90  
459622  90  
470288  90  
489371  90  
531386  80  
591590  90  
600770  80  
16937  50  
52423  70  
198529  50  
204229  30  
215631  50  
398344  30  
435158  30  
516575  50  
617797  30  
9101  0  
64205  0  
100311  50  
131244  0  
157891  50  
159973  0  
161920  0  
174851  50  
208031  70  
288556  0  
337642  0  
347719  50  
395895  0  
423722  0  
453488  0  
464229  0  
531310  0  
30016  50  
66264  50  
123679  30  
171626  70  
181706  0  
192496  30  
195959  0  
245083  90  
262381  90  
269261  70  
270234  50  
327425  70  
357731  90  
360270  0  
419113  50  
430552  30  
548498  30  
613227  70  
23574  30  
52616  30  
294427  0  
312049  30  
618263  0  
624244  0  
14354  0  
22186  50  
39084  30  
103705  50  
120761  50  
134930  30  
158506  0  
250228  50  
283607  0  
336553  30  
381916  30  
485869  0  
519730  50  
520788  0  
536256  0  
550295  50  
553140  50  
572215  50  
58718  70  
163101  0  
232026  0  
233157  0  
287510  70  
569455  70  
22021  0  
123025  70  
175066  0  
194061  90  
254300  90  
391383  30  
420409  90  
500292  50  
541988  30  
151124  0  
548168  0  
149409  50  
354352  50  
392405  0  
520990  70  
4499  30  
199000  30  
286659  0  
384981  30  
449877  30  
498308  30  
44267  0  
72776  0  
115038  30  
124270  30  
175153  30  
237825  0  
298318  0  
318325  0  
327530  0  
351786  30  
402453  0  
418635  30  
419638  0  
443251  30  
467797  30  
483166  30  
513340  0  
559512  30  
40458  90  
44650  90  
46160  30  
26333  50  
212016  50  
309245  50  
226515  30  
517526  30  
139648  50  
173455  50  
190141  50  
287777  30  
335691  30  
337187  0  
377794  30  
423207  30  
432633  0  
612127  30  
40662  0  
60574  0  
71893  0  
128050  30  
163798  0  
248550  0  
250154  30  
304969  30  
313662  30  
423861  30  
535531  30  
548476  0  
556174  0  
584415  30  
252356  0  
275261  30  
503513  0  
12563  70  
22757  50  
160067  30  
382109  70  
604390  70  
621872  0  
112035  0  
141598  0  
153574  0  
159688  30  
189820  0  
220442  0  
235737  0  
239762  0  
256288  0  
314699  0  
319540  0  
324988  0  
335554  0  
382966  0  
433031  0  
452966  0  
464967  0  
496973  0  
556567  0  
581781  0  
22945  50  
23336  70  
101093  50  
114602  30  
131837  70  
205077  0  
387423  0  
393040  50  
432746  50  
513856  30  
537024  0  
551711  70  
44623  30  
347705  30  
26137  90  
85195  0  
92348  30  
93023  0  
123065  0  
141568  30  
180037  90  
287043  0  
329185  50  
344409  30  
386855  0  
403073  0  
436810  0  
461814  30  
507010  70  
583915  0  
589071  0  
621238  30  
14567  0  
96223  0  
104895  0  
111130  0  
121035  0  
130183  0  
136228  0  
155856  0  
175835  30  
207892  0  
231593  30  
318605  0  
357396  0  
377457  0  
444400  0  
473760  0  
483389  0  
483911  0  
512429  30  
530327  0  
549484  30  
557004  0  
567212  0  
614022  0  
30192  50  
45715  30  
167290  30  
250153  30  
388857  50  
400337  90  
263152  0  
446130  0  
458589  0  
120853  30  
133443  30  
265221  30  
273475  70  
298448  0  
333689  30  
364784  70  
371644  30  
392726  70  
461309  30  
468031  0  
503005  30  
507696  70  
550445  70  
561476  0  
6984  0  
56247  70  
82868  0  
162422  50  
188235  30  
220717  0  
225285  0  
261589  0  
265374  0  
323356  70  
338568  30  
371505  0  
394357  50  
447660  70  
479952  0  
509945  90  
537982  0  
6539  50  
100922  90  
174088  0  
192876  90  
353773  0  
425180  90  
490104  50  
531605  50  
571176  0  
131263  30  
140957  50  
194079  30  
205234  50  
269566  50  
336824  30  
339544  30  
448639  30  
571306  30  
83332  50  
172274  70  
6|110
4653  90  
11059  90  
56437  90  
56970  90  
79902  90  
85012  80  
119236  90  
124428  90  
140118  90  
144334  90  
147073  80  
186098  90  
253653  90  
259552  90  
259925  90  
263294  90  
263966  90  
268141  90  
275261  90  
294427  90  
365323  90  
393059  80  
416992  90  
425182  90  
427620  90  
432968  90  
441763  90  
459622  90  
466895  90  
513664  80  
523223  80  
531386  80  
537293  90  
571871  80  
592747  90  
55165  90  
187010  90  
424563  90  
335339  50  
341583  50  
582484  70  
98756  90  
349805  90  
515550  70  
180519  90  
244770  70  
334788  30  
417411  90  
611203  50  
184600  50  
185003  30  
609513  50  
167474  90  
242138  50  
622325  90  
219817  0  
441151  0  
517718  0  
106015  0  
262210  0  
594376  0  
346457  50  
494084  70  
536589  90  
142902  0  
155522  0  
211566  0  
216505  0  
257158  0  
349388  0  
602548  0  
181178  0  
278425  0  
536164  0  
86885  0  
388431  0  
409951  0  
185275  90  
428095  90  
454589  90  
401755  90  
473108  50  
504253  70  
405992  90  
481501  90  
608376  90  
34975  50  
262788  70  
395349  90  
385688  0  
418175  0  
442545  0  
499509  0  
522621  0  
601402  0  
61459  0  
90298  0  
229168  0  
218507  0  
282801  0  
349250  0  
1789  30  
124281  0  
208048  0  
359440  50  
492626  0  
541471  50  
142979  70  
305770  90  
472027  90  
7|25
147073  80  
173301  90  
182140  90  
199439  90  
219322  90  
225587  90  
248699  90  
393059  80  
436056  90  
543790  90  
558154  90  
601402  90  
607946  90  
219179  70  
264275  0  
589869  70  
87245  0  
116640  50  
124325  0  
235966  50  
282225  70  
422900  50  
461379  90  
574204  70  
22757  70  
8|27
250270  100  
86364  100  
97517  100  
167021  100  
170036  100  
174825  100  
266875  100  
345285  100  
368912  100  
409366  100  
535864  100  
603112  100  
603439  100  
22757  90  
56437  90  
182140  90  
189820  90  
195167  90  
210226  90  
240422  90  
248089  90  
267846  90  
270248  90  
344617  90  
423102  90  
423702  90  
436056  90  
9|42
17863  80  
36870  80  
55629  90  
56437  90  
67176  90  
85012  80  
111280  80  
120443  80  
121082  80  
123601  80  
142979  90  
144592  80  
145897  80  
147073  80  
148116  90  
169708  90  
187943  80  
196852  90  
213829  90  
230673  90  
234288  80  
246957  80  
263966  90  
265758  90  
267723  90  
275261  90  
283332  80  
283541  90  
297989  90  
303423  80  
344158  80  
350511  90  
370371  80  
382315  80  
385552  90  
410641  90  
419748  80  
436056  90  
448162  90  
467178  90  
489154  90  
493655  90  